  0        0 4.3
  1   100000 2.3
  2   200000 2.0
  3   300000 1.3
  4   400000 6.7
  5   500000 9.7
  6   600000 9.3
  7   700000 13.0
  8   800000 14.0
  9   900000 19.7
 10  1000000 22.0
 11  1100000 29.0
 12  1200000 25.7
 13  1300000 30.3
 14  1400000 29.3
 15  1500000 45.3
 16  1600000 43.7
 17  1700000 33.7
 18  1800000 51.0
 19  1900000 49.0
 20  2000000 49.0
 21  2100000 50.7
 22  2200000 66.7
 23  2300000 56.7
 24  2400000 49.0
 25  2500000 52.7
 26  2600000 75.3
 27  2700000 45.0
 28  2800000 86.0
 29  2900000 60.7
 30  3000000 85.0
 31  3100000 139.0
 32  3200000 81.0
 33  3300000 70.0
 34  3400000 83.0
 35  3500000 78.7
 36  3600000 53.3
 37  3700000 53.7
 38  3800000 76.7
 39  3900000 65.7
 40  4000000 90.3
 41  4100000 127.7
 42  4200000 98.3
 43  4300000 76.0
 44  4400000 104.0
 45  4500000 169.0
 46  4600000 102.3
 47  4700000 42.7
 48  4800000 99.3
 49  4900000 124.0
 50  5000000 82.7
 51  5100000 108.0
 52  5200000 141.7
 53  5300000 116.7
 54  5400000 120.3
 55  5500000 104.0
 56  5600000 54.7
 57  5700000 71.3
 58  5800000 80.0
 59  5900000 91.7
 60  6000000 112.7
 61  6100000 42.7
 62  6200000 107.7
 63  6300000 107.3
 64  6400000 217.3
 65  6500000 129.7
 66  6600000 149.7
 67  6700000 63.0
 68  6800000 88.7
 69  6900000 136.0
 70  7000000 144.3
 71  7100000 86.3
 72  7200000 154.7
 73  7300000 81.3
 74  7400000 71.3
 75  7500000 118.3
 76  7600000 153.7
 77  7700000 128.3
 78  7800000 187.7
 79  7900000 148.3
 80  8000000 178.3
 81  8100000 114.7
 82  8200000 133.3
 83  8300000 122.0
 84  8400000 73.7
 85  8500000 148.0
 86  8600000 202.0
 87  8700000 160.7
 88  8800000 185.0
 89  8900000 169.3
 90  9000000 234.3
 91  9100000 153.7
 92  9200000 217.3
 93  9300000 213.0
 94  9400000 84.3
 95  9500000 160.7
 96  9600000 99.0
 97  9700000 99.3
 98  9800000 210.3
 99  9900000 281.7
100 10000000 148.3
101 10100000 186.3
102 10200000 212.3
103 10300000 238.0
104 10400000 187.0
105 10500000 282.3
106 10600000 169.0
107 10700000 285.7
108 10800000 254.0
109 10900000 93.3
110 11000000 163.3
111 11100000 193.3
112 11200000 201.0
113 11300000 71.3
114 11400000 200.3
115 11500000 82.0
116 11600000 59.7
117 11700000 167.3
118 11800000 103.3
119 11900000 149.7
120 12000000 165.7
121 12100000 81.7
122 12200000 173.3
123 12300000 158.3
124 12400000 83.3
125 12500000 183.0
126 12600000 99.0
127 12700000 161.7
128 12800000 81.7
129 12900000 292.3
130 13000000 220.7
131 13100000 58.7
132 13200000 80.7
133 13300000 165.7
134 13400000 132.0
135 13500000 180.0
136 13600000 42.7
137 13700000 228.7
138 13800000 118.3
139 13900000 324.7
140 14000000 68.3
141 14100000 75.7
142 14200000 233.7
143 14300000 104.7
144 14400000 131.0
145 14500000 100.0
146 14600000 55.3
147 14700000 77.3
148 14800000 66.3
149 14900000 69.3
150 15000000 228.3
151 15100000 164.7
152 15200000 145.7
153 15300000 150.3
154 15400000 75.7
155 15500000 164.3
156 15600000 190.0
157 15700000 46.0
158 15800000 291.7
159 15900000 277.0
160 16000000 288.0
161 16100000 284.0
162 16200000 82.3
163 16300000 118.3
164 16400000 266.0
165 16500000 230.3
166 16600000 246.7
167 16700000 247.0
168 16800000 147.0
169 16900000 167.3
170 17000000 82.0
171 17100000 241.7
172 17200000 229.7
173 17300000 74.3
174 17400000 110.7
175 17500000 158.3
176 17600000 228.0
177 17700000 276.7
178 17800000 341.7
179 17900000 271.7
180 18000000 246.7
181 18100000 268.0
182 18200000 132.0
183 18300000 293.7
184 18400000 168.7
185 18500000 136.0
186 18600000 167.7
187 18700000 228.7
188 18800000 294.0
189 18900000 65.0
190 19000000 244.0
191 19100000 403.3
192 19200000 193.7
193 19300000 188.0
194 19400000 314.7
195 19500000 185.0
196 19600000 262.0
197 19700000 316.7
198 19800000 244.7
199 19900000 302.3
200 20000000 252.7
201 20100000 195.3
202 20200000 189.0
203 20300000 168.0
204 20400000 179.3
205 20500000 295.0
206 20600000 224.3
207 20700000 53.3
208 20800000 243.3
209 20900000 166.3
210 21000000 141.3
211 21100000 176.7
212 21200000 277.7
213 21300000 198.3
214 21400000 234.3
215 21500000 267.3
216 21600000 284.3
217 21700000 194.0
218 21800000 168.0
219 21900000 264.3
220 22000000 161.0
221 22100000 256.3
222 22200000 148.0
223 22300000 161.3
224 22400000 54.0
225 22500000 340.3
226 22600000 221.0
227 22700000 231.3
228 22800000 248.3
229 22900000 373.7
230 23000000 247.7
231 23100000 191.7
232 23200000 139.7
233 23300000 195.3
234 23400000 167.3
235 23500000 242.3
236 23600000 134.0
237 23700000 291.0
238 23800000 225.3
239 23900000 240.7
240 24000000 143.3
241 24100000 232.7
242 24200000 265.7
243 24300000 113.0
244 24400000 295.0
245 24500000 132.7
246 24600000 173.7
247 24700000 243.7
248 24800000 293.3
249 24900000 100.0
250 25000000 161.0
251 25100000 57.7
252 25200000 256.7
253 25300000 145.7
254 25400000 302.3
255 25500000 157.7
256 25600000 121.7
257 25700000 145.0
258 25800000 281.3
259 25900000 160.0
260 26000000 61.0
261 26100000 174.7
262 26200000 163.7
263 26300000 155.0
264 26400000 119.3
265 26500000 105.0
266 26600000 353.0
267 26700000 272.0
268 26800000 273.3
269 26900000 220.0
270 27000000 168.7
271 27100000 203.3
272 27200000 221.3
273 27300000 214.3
274 27400000 222.7
275 27500000 267.3
276 27600000 376.0
277 27700000 146.0
278 27800000 140.7
279 27900000 125.0
280 28000000 89.3
281 28100000 240.7
282 28200000 177.3
283 28300000 302.3
284 28400000 165.0
285 28500000 380.3
286 28600000 250.3
287 28700000 244.3
288 28800000 348.7
289 28900000 202.0
290 29000000 127.0
291 29100000 222.7
292 29200000 248.3
293 29300000 260.7
294 29400000 98.7
295 29500000 307.3
296 29600000 245.0
297 29700000 94.0
298 29800000 249.3
299 29900000 178.0
300 30000000 271.0
301 30100000 278.0
302 30200000 163.7
303 30300000 146.7
304 30400000 248.7
305 30500000 335.7
306 30600000 162.3
307 30700000 192.0
308 30800000 171.3
309 30900000 154.7
310 31000000 236.0
311 31100000 271.7
312 31200000 338.7
313 31300000 230.7
314 31400000 252.7
315 31500000 302.0
316 31600000 254.7
317 31700000 348.7
318 31800000 253.0
319 31900000 257.0
320 32000000 257.3
321 32100000 366.7
322 32200000 167.3
323 32300000 161.0
324 32400000 147.3
325 32500000 278.7
326 32600000 267.0
327 32700000 162.0
328 32800000 60.3
329 32900000 52.0
330 33000000 111.0
331 33100000 270.0
332 33200000 266.7
333 33300000 142.7
334 33400000 290.0
335 33500000 243.3
336 33600000 176.3
337 33700000 228.0
338 33800000 178.0
339 33900000 148.7
340 34000000 290.3
341 34100000 344.0
342 34200000 261.3
343 34300000 278.0
344 34400000 357.7
345 34500000 270.7
346 34600000 381.3
347 34700000 173.7
348 34800000 267.7
349 34900000 166.7
350 35000000 215.3
351 35100000 165.0
352 35200000 267.3
353 35300000 203.7
354 35400000 387.7
355 35500000 137.7
356 35600000 255.7
357 35700000 288.0
358 35800000 166.3
359 35900000 139.0
360 36000000 164.3
361 36100000 208.3
362 36200000 166.3
363 36300000 169.0
364 36400000 286.3
365 36500000 291.3
366 36600000 156.3
367 36700000 272.7
368 36800000 165.7
369 36900000 156.3
370 37000000 183.3
371 37100000 166.0
372 37200000 267.3
373 37300000 179.0
374 37400000 194.3
375 37500000 272.3
376 37600000 88.7
377 37700000 83.7
378 37800000 232.3
379 37900000 371.7
380 38000000 359.3
381 38100000 70.0
382 38200000 81.7
383 38300000 156.0
384 38400000 229.3
385 38500000 165.0
386 38600000 114.7
387 38700000 129.0
388 38800000 286.7
389 38900000 203.3
390 39000000 263.0
391 39100000 234.3
392 39200000 290.7
393 39300000 323.7
394 39400000 287.0
395 39500000 305.7
396 39600000 278.7
397 39700000 230.3
398 39800000 243.7
399 39900000 175.3
400 40000000 321.3
401 40100000 317.0
402 40200000 207.7
403 40300000 190.3
404 40400000 204.3
405 40500000 358.3
406 40600000 379.3
407 40700000 173.3
408 40800000 283.0
409 40900000 270.0
410 41000000 309.3
411 41100000 193.7
412 41200000 162.3
413 41300000 385.7
414 41400000 261.7
415 41500000 290.3
416 41600000 279.7
417 41700000 182.3
418 41800000 275.3
419 41900000 68.3
420 42000000 274.7
421 42100000 307.3
422 42200000 222.3
423 42300000 167.0
424 42400000 188.7
425 42500000 343.0
426 42600000 240.3
427 42700000 290.3
428 42800000 167.3
429 42900000 65.0
430 43000000 344.3
431 43100000 230.3
432 43200000 271.0
433 43300000 255.0
434 43400000 172.0
435 43500000 276.0
436 43600000 204.3
437 43700000 275.0
438 43800000 221.3
439 43900000 162.3
440 44000000 383.0
441 44100000 217.3
442 44200000 285.3
443 44300000 276.7
444 44400000 353.7
445 44500000 248.3
446 44600000 275.7
447 44700000 233.7
448 44800000 166.0
449 44900000 223.3
450 45000000 61.0
451 45100000 279.0
452 45200000 267.7
453 45300000 197.7
454 45400000 154.3
455 45500000 78.7
456 45600000 109.3
457 45700000 287.3
458 45800000 273.7
459 45900000 57.0
460 46000000 250.0
461 46100000 148.0
462 46200000 218.0
463 46300000 123.0
464 46400000 159.3
465 46500000 336.0
466 46600000 284.0
467 46700000 108.0
468 46800000 242.7
469 46900000 163.7
470 47000000 342.3
471 47100000 260.0
472 47200000 226.0
473 47300000 173.7
474 47400000 150.0
475 47500000 276.7
476 47600000 250.3
477 47700000 190.7
478 47800000 280.7
479 47900000 276.7
480 48000000 379.7
481 48100000 382.0
482 48200000 231.0
483 48300000 145.7
484 48400000 201.3
485 48500000 173.3
486 48600000 242.3
487 48700000 195.0
488 48800000 270.0
489 48900000 249.0
490 49000000 242.0
491 49100000 389.3
492 49200000 246.7
493 49300000 163.7
494 49400000 202.0
495 49500000 388.3
496 49600000 256.7
497 49700000 401.0
498 49800000 128.0
499 49900000 116.0
